Пугать ты галок пугай

modified:2022-12-25 22:28:38.369197 -->  ты галок пугай

modified:2022-12-25 22:28:43.484542 --> Пугать  галок пугай

modified:2022-12-25 22:28:49.176285 --> Пугать ты  пугай

modified:2022-12-25 22:28:59.756917 --> Пугать ты галок 

